56 451
57 452
57 453
57 453
58 454
58 455
58 455
59 456
59 457
60 457
60 458
61 459
61 460
62 460
62 461
62 462
63 463
64 464
64 465
65 466
65 466
66 467
66 468
67 469
68 470
68 471
69 472
70 473
70 475
71 476
72 477
73 478
73 479
74 480
75 482
76 483
77 484
78 486
79 487
80 488
81 490
82 491
83 493
84 495
85 496
87 498
88 500
89 501
91 503
92 505
94 507
95 509
97 511
99 513
101 515
103 518
105 520
107 522
109 525
111 527
114 530
116 533
119 536
122 538
125 541
128 545
131 548
134 551
138 554
142 558
146 562
150 565
155 569
160 573
165 577
171 582
176 586
183 590
189 595
196 600
204 605
212 610
220 615
229 620
239 625
249 630
260 635
271 640
284 645
297 650
310 655
325 660
340 664
356 668
372 672
389 675
406 677
424 680
443 681
461 682
480 682
498 682
517 681
535 680
553 677
571 675
588 672
604 668
620 664
635 660
649 655
663 650
676 645
688 640
700 635
711 630
721 625
730 620
740 615
748 610
756 605
763 600
770 595
777 590
783 586
789 582
795 577
800 573
805 569
809 565
814 562
818 558
822 554
825 551
829 548
832 545
835 541
838 538
841 536
843 533
846 530
848 527
851 525
853 522
855 520
857 518
859 515
861 513
863 511
864 509
866 507
867 505
869 503
870 501
872 500
873 498
874 496
875 495
877 493
878 491
879 490
880 488
881 487
882 486
883 484
884 483
885 482
885 480
886 479
887 478
888 477
889 476
889 475
890 473
891 472
891 471
892 470
893 469
893 468
894 467
895 466
895 466
896 465
896 464
897 463
897 462
898 461
898 460
899 460
899 459
900 458
900 457
900 457
901 456
901 455
902 455
902 454
902 453
903 453
903 452
903 451
