49 452
50 453
50 454
50 454
50 455
51 456
51 456
51 457
52 458
52 459
52 459
53 460
53 461
54 462
54 463
54 464
55 464
55 465
56 466
56 467
57 468
57 469
58 470
58 471
59 472
59 473
60 474
60 476
61 477
61 478
62 479
63 480
63 482
64 483
65 484
66 486
66 487
67 488
68 490
69 491
70 493
71 495
72 496
73 498
74 500
75 501
76 503
77 505
78 507
79 509
81 511
82 513
84 516
85 518
87 520
88 523
90 525
92 528
94 531
96 533
98 536
100 539
103 542
105 546
108 549
111 552
114 556
117 560
120 564
124 568
127 572
131 576
136 580
140 585
145 590
150 595
156 600
162 605
168 611
175 616
182 622
190 628
198 634
207 640
217 647
227 653
238 660
250 666
263 673
277 679
291 685
307 691
323 697
340 703
358 707
377 712
397 715
417 718
438 721
459 722
480 722
501 722
522 721
543 718
563 715
582 712
601 707
619 703
636 697
653 691
668 685
683 679
696 673
709 666
721 660
732 653
743 647
752 640
761 634
770 628
778 622
785 616
792 611
798 605
804 600
810 595
815 590
820 585
824 580
828 576
832 572
836 568
840 564
843 560
846 556
849 552
852 549
855 546
857 542
859 539
862 536
864 533
866 531
868 528
870 525
871 523
873 520
875 518
876 516
878 513
879 511
880 509
882 507
883 505
884 503
885 501
886 500
887 498
888 496
889 495
890 493
891 491
892 490
893 488
893 487
894 486
895 484
896 483
896 482
897 480
898 479
898 478
899 477
899 476
900 474
901 473
901 472
902 471
902 470
903 469
903 468
904 467
904 466
904 465
905 464
905 464
906 463
906 462
906 461
907 460
907 459
908 459
908 458
908 457
909 456
909 456
909 455
909 454
910 454
910 453
910 452